Linux 6.5.0-35-generic (Nebulaa) 	11/09/24 	_x86_64_	(4 CPU)

avg-cpu:  %user   %nice %system %iowait  %steal   %idle
           1.06    0.09    0.55    0.22    0.00   98.08

Device             tps    kB_read/s    kB_wrtn/s    kB_dscd/s    kB_read    kB_wrtn    kB_dscd
loop0             0.01         0.01         0.00         0.00         17          0          0
loop1             0.13         0.40         0.00         0.00        920          0          0
loop10            0.32         1.03         0.00         0.00       2391          0          0
loop11            0.21         0.91         0.00         0.00       2107          0          0
loop12            0.21         0.92         0.00         0.00       2132          0          0
loop13            0.24         1.00         0.00         0.00       2313          0          0
loop14            1.95        32.16         0.00         0.00      74580          0          0
loop15            1.04         2.83         0.00         0.00       6571          0          0
loop16            0.05         0.55         0.00         0.00       1269          0          0
loop17            0.06         0.56         0.00         0.00       1300          0          0
loop18            0.12         1.80         0.00         0.00       4173          0          0
loop19            0.03         0.49         0.00         0.00       1126          0          0
loop2             0.13         0.40         0.00         0.00        932          0          0
loop20            0.03         0.18         0.00         0.00        421          0          0
loop21            0.02         0.16         0.00         0.00        367          0          0
loop22            0.01         0.02         0.00         0.00         55          0          0
loop23            0.04         0.72         0.00         0.00       1668          0          0
loop24            0.01         0.13         0.00         0.00        312          0          0
loop25            0.67         1.78         0.00         0.00       4132          0          0
loop26            0.68         1.78         0.00         0.00       4121          0          0
loop27            0.00         0.01         0.00         0.00         14          0          0
loop3             0.14         0.42         0.00         0.00        963          0          0
loop4             0.14         0.41         0.00         0.00        951          0          0
loop5             0.16         0.76         0.00         0.00       1754          0          0
loop6             0.34         3.43         0.00         0.00       7942          0          0
loop7             0.56        28.64         0.00         0.00      66410          0          0
loop8             0.03         0.49         0.00         0.00       1131          0          0
loop9             0.32         1.03         0.00         0.00       2397          0          0
nvme0n1          37.19       805.18       197.80         0.00    1867084     458661          0


Disk usage of /home/devparashar/sre-devops/Bash-Assignments is:
27M	.
Free RAM:
1576
